0,310
0,305
0,544
0,308
0,307
0,302
0,304
0,303
0,12
0,432
0,10
0,8
0,0
0,416
0,375
0,300
0,421
0,413
0,299
0,419
0,498
0,298
0,414
0,412
0,297
0,399
0,411
0,296
0,410
0,295
0,573
0,497
0,294
0,392
0,409
0,293
0,528
0,444
0,292
0,496
0,417
0,291
0,396
0,405
0,290
0,527
0,407
0,289
0,454
0,492
0,288
0,382
0,404
0,287
0,433
0,403
0,286
0,447
0,402
0,285
0,524
0,495
0,284
0,523
0,525
0,283
0,491
0,441
0,282
0,541
0,482
0,281
0,397
0,462
0,280
0,451
0,394
0,279
0,393
0,493
0,278
0,391
0,522
0,277
0,368
0,388
0,276
0,415
0,490
0,275
0,395
0,387
0,274
0,555
0,386
0,273
0,474
0,385
0,272
0,519
0,517
0,271
0,551
0,384
0,270
0,487
0,549
0,269
0,540
0,333
0,268
0,481
0,381
0,267
0,542
0,486
0,266
0,574
0,485
0,265
0,504
0,380
0,264
0,468
0,379
0,263
0,478
0,378
0,262
0,431
0,484
0,261
0,552
0,377
0,260
0,513
0,344
0,259
0,512
0,418
0,258
0,406
0,374
0,257
0,511
0,499
0,256
0,566
0,473
0,255
0,554
0,373
0,254
0,483
0,372
0,253
0,429
0,371
0,252
0,546
0,390
0,251
0,477
0,370
0,250
0,539
0,531
0,249
0,545
0,470
0,248
0,464
0,367
0,247
0,559
0,428
0,246
0,538
0,476
0,245
0,488
0,366
0,244
0,365
0,242
0,561
0,364
0,241
0,480
0,363
2,1
1,3
2,10
0,243
0,322
0,330
0,351
0,408
0,430
0,475
0,489
0,534
0,553
2,8
3,0
3,1
1477,0
1477,1
1477,3
1479,1
1479,3
1480,4
1481,0
1481,2
1481,3
1482,1
1483,0
1483,1
1484,0
1484,1
1485,0
1485,3
1486,0
1486,3
1487,0
1487,3
1489,0
1489,1
1489,4
1491,0
1491,3
1491,4
1494,1
1494,4
1496,0
1496,3
1496,4
1499,1
1499,3
1499,4
1499,6
1501,0
1501,3
1501,4
1503,1
1506,0
1506,1
1506,4
1512,0
1512,3
1514,0
1514,1
1514,4
1516,0
1516,2
1516,3
1516,5
1517,1
1517,2
1517,4
1517,5
1517,7
1518,1
1518,2
1519,0
1519,1
1519,3
1506,5
1486,4
1519,2
1518,3
1518,0
1517,6
1517,3
1517,0
1516,4
1516,1
1514,3
1512,4
1512,1
1506,3
1503,3
1503,0
1501,1
1499,5
1499,2
1499,0
1496,1
1494,3
1494,0
1491,1
1489,3
1487,4
1487,1
1486,1
1485,1
1484,3
1483,3
1482,3
1482,0
1481,1
1480,2
1479,0
1477,2
3,3
2,15
0,572
0,494
0,458
0,369
0,345
0,318
1,1
1,0
2,17
2,3
1480,5
2,0
1480,1
1480,3
0,548
1480,0
0,9
0,240
0,558
0,533
0,239
0,500
0,362
0,238
0,564
0,423
0,237
0,537
0,467
0,236
0,359
0,235
0,510
0,400
0,234
0,509
0,515
0,233
0,450
0,358
0,232
0,449
0,357
0,231
0,543
0,356
0,230
0,435
0,355
0,229
0,398
0,354
0,228
0,461
0,353
0,227
0,508
0,420
0,226
0,352
0,225
0,536
0,224
0,507
0,223
0,440
0,349
0,222
0,557
0,516
0,221
0,506
0,530
0,220
0,471
0,348
0,219
0,565
0,347
0,218
0,460
0,346
0,217
0,505
0,469
0,216
0,535
0,569
0,215
0,401
0,343
0,214
0,457
0,342
0,213
0,463
0,341
0,212
0,434
0,340
0,211
0,472
0,339
0,210
0,456
0,338
0,209
0,319
0,337
0,208
0,570
0,336
0,207
0,446
0,455
0,206
0,389
0,335
0,205
0,443
0,466
0,204
0,442
0,350
0,203
0,334
0,332
0,202
0,422
0,439
0,201
0,479
0,503
0,200
0,329
0,331
0,199
0,438
0,465
0,198
0,437
0,568
0,197
0,567
0,328
0,196
0,502
0,563
0,195
0,556
0,562
0,194
0,459
0,327
0,193
0,560
0,326
0,192
0,521
0,325
0,63
0,547
0,324
0,62
0,436
0,323
0,61
0,532
0,321
0,60
0,529
0,427
0,59
0,445
0,320
0,58
0,426
0,383
0,57
0,425
0,56
0,520
0,317
0,55
0,453
0,501
0,54
0,518
0,424
0,53
0,448
0,316
0,52
0,452
0,315
0,51
0,360
0,314
0,50
0,571
0,313
0,49
0,361
0,312
0,48
0,376
0,311
0,47
0,514
0,309
0,46
0,575
0,306
0,45
0,550
0,301
0,6
0,5
0,1
0,526
0,11
0,4
0,2
0,3
0,7
